> -XJH
102.205608313	29.2706028361
102.207051531	29.2161994637
102.208244585	29.1726559309
102.209639619	29.1290116955
102.211662776	29.0635953848
102.212295239	29.0418136977
102.189144021	28.9868215234
102.165701964	28.9427267275
102.130262734	28.8874802752
102.094872291	28.8322436375
102.070755735	28.8099666442
102.047168435	28.7659814306
102.011279377	28.7217136517
101.975700336	28.66658385
101.940014436	28.6114850091
101.903817147	28.5672939277
101.880370908	28.5124783233
101.844511676	28.4573870665
101.820821475	28.4134034016
101.809278061	28.3805416816
101.785911167	28.3256730648
101.762092672	28.2816768408
101.738372327	28.2268119827
101.714664494	28.1719170684
101.702689841	28.1498956972
101.667230666	28.0837833758
101.643792558	28.0396907434
101.608667404	27.9735394424
101.585494533	27.9294363762
101.550921828	27.8632903235
101.527055881	27.8409408446
101.491175658	27.7856004443
101.442992112	27.7299160283
101.394258845	27.6959696077
101.357944655	27.6623231923
101.309235468	27.6283235873
101.260228502	27.605189614
101.211242377	27.582033168
101.137664143	27.5472369915
101.101060341	27.5243692273
101.039954838	27.489856111
101.003695402	27.4560389942
100.942276687	27.4323657263
100.843768188	27.3965653803
100.819638472	27.373967446
100.758435783	27.3392354421
100.709752104	27.304876679
100.649028461	27.2591592427
100.612417322	27.2360672246
100.576752342	27.1911467286
100.528914467	27.1458363183
100.493921133	27.1010223429
100.458912888	27.0451664244
100.447369045	27.0118673797
100.411756892	26.9558064689
100.364167652	26.8993812009
100.340412623	26.865636467
100.292531888	26.8090526018
100.256736227	26.7638489633
100.221046415	26.7186472183
100.173022731	26.6618840896
100.125111491	26.6051028946
100.101744557	26.5602443893
100.053480654	26.5143564697
100.030138495	26.469453168
99.9943553654	26.4240164091
99.9461336652	26.3780289213
99.8971211381	26.3539665191
99.8605643991	26.3304112681
> -lrb
102.853991039	32.7606341186
102.835236234	32.7530635202
102.821022338	32.7415542924
102.806937272	32.7339493174
102.788125212	32.7225089584
102.773936354	32.7110051828
102.755251951	32.7034607898
102.741061829	32.6919459725
102.726972836	32.6843148236
102.703419175	32.6689909397
102.679842622	32.6498289427
102.656568802	32.6385153734
102.647277161	32.6347636226
102.623897092	32.619541826
102.605221136	32.6081406476
102.591142478	32.5966700415
102.572478501	32.5852660862
102.558410386	32.5737937547
102.544347292	32.5623209274
102.525603939	32.5470227005
102.511552158	32.5355486712
102.488150925	32.5164301868
102.474117177	32.5049588863
102.455379302	32.4896349069
102.436820544	32.4820753434
102.418017849	32.462869772
102.394799967	32.4514791448
102.380857573	32.4438673919
102.36224638	32.4324232753
102.32971458	32.4133638136
102.31112361	32.4019167333
102.292442636	32.3865712743
102.278430789	32.3750556975
102.264420428	32.3635363464
102.245748127	32.3481772041
102.231825899	32.3367243448
102.213262503	32.3138185257
102.190180887	32.29863037
102.176248847	32.2795182531
102.157797578	32.2681290149
102.143904192	32.2528537115
102.12076953	32.2299462877
102.111525941	32.2223158367
102.09297786	32.1993545478
102.074499405	32.1840857653
102.060611779	32.168781334
102.051353167	32.1611240458
102.028208448	32.1419732867
102.014278634	32.1266152338
101.995758475	32.1112752078
101.977236593	32.0959255013
101.962950246	32.0840685941
101.94862014	32.0721682496
101.934626654	32.0605524428
101.920680644	32.0489727342
101.897616563	32.0259987351
101.87921532	32.0107082967
101.860820948	31.9954159579
101.837930303	31.9801992376
101.824150115	31.9649091993
101.805824108	31.9496521306
101.787389948	31.9304700191
101.773591616	31.9189691225
101.759798851	31.9074685855
101.73679048	31.8844489146
101.723052923	31.8729833587
101.718428823	31.861468743
101.704738763	31.8538637519
101.686427142	31.8347363163
101.659021564	31.8156553915
101.64984893	31.8079833465
101.622384927	31.7888320388
101.604022937	31.769625046
101.594896845	31.7658120384
101.571995435	31.7466195116
101.549148498	31.7312919443
101.530856478	31.7159441146
101.512609578	31.7044578328
101.494342016	31.6891151441
101.462507575	31.6700370827
101.435211797	31.6509407114
101.416944629	31.6317390731
101.394161398	31.6163943144
101.385042312	31.6087119239
101.366811997	31.5933481872
101.344062156	31.578005671
101.33040535	31.5664845712
101.316754514	31.5549637562
101.303109239	31.5434435546
101.275858104	31.5242650815
101.257667081	31.5050471603
101.244058591	31.4973832927
101.225832893	31.474284676
101.207660215	31.4589066482
101.194029324	31.4435206999
101.175867953	31.4242915231
101.157728081	31.408917763
101.13958562	31.38968789
101.125985669	31.374304078
101.112401074	31.362775188
101.098812307	31.3473914142
101.080721052	31.3358720203
101.076189919	31.3281752614
> -hys
106.1903 29.79549
106.2354 29.82825
106.2781 29.86633
106.318 29.89801
106.3708 29.94894
106.402 29.98488
106.4545 30.02135
106.5126 30.05522
106.5634 30.08529
106.6005 30.11231
106.6353 30.14377
106.6609 30.16599
106.6639 30.17057
>
104.7075 28.76424
104.7501 28.80108
104.7992 28.85255
104.8508 28.89871
104.911 28.94338
104.9516 28.98276
105.0053 29.03073
105.0443 29.06282
105.0839 29.08682
105.0891 29.08792
>
105.1869 29.07538
105.218 29.10082
105.2735 29.15862
105.3271 29.21274
105.3638 29.25094
105.3905 29.28158
105.4131 29.31027
105.4419 29.34007
105.4641 29.35884
105.4651 29.35887
>
104.1474 28.20465
104.186 28.23251
104.2319 28.26249
104.2811 28.30338
104.3601 28.36806
104.4016 28.41665
104.4332 28.4576
104.4398 28.46777
>
105.7775 29.44566
105.8137 29.48009
105.8514 29.52627
105.8941 29.5771
105.93 29.61959
105.9689 29.66488
105.9975 29.68553
106.02 29.7006
106.0324 29.70726
106.0292 29.70717
>
104.4805 28.52799
104.5103 28.55176
104.5424 28.58642
104.5839 28.63854
104.6128 28.67484
104.6387 28.71101
104.6584 28.72892
>
