30.961000 103.918000 3.297000 2.281419 24.281266
30.910000 103.758000 3.323567 2.407415 13.503359
30.719000 103.850000 3.339750 1.589291 42.671901
30.575000 103.519000 3.332077 0.000000 0.000000
30.395000 103.702000 3.339038 1.100738 -18.630720
30.305000 104.021000 3.342433 1.347042 52.758157
30.681000 104.543000 3.401500 0.000000 0.000000
30.856000 104.191000 3.320433 0.419875 4.938635
30.269000 103.620000 3.309781 1.957247 9.081317
30.502000 104.249000 3.364094 1.601805 8.244602
30.721000 102.044000 3.232615 0.000000 0.000000
31.018000 102.132000 3.216692 4.079431 -14.174279
31.056000 101.871000 3.225417 0.000000 0.000000
30.879000 101.875000 3.261038 4.529258 -3.072795
31.036000 101.643000 3.222467 1.651331 -19.008351
30.791000 101.752000 3.210615 2.929298 -30.632976
30.604000 101.734000 3.248933 5.234667 -2.781043
28.742000 100.263000 3.062000 0.000000 0.000000
28.849000 100.379000 3.086500 0.000000 0.000000
29.045000 100.310000 3.150143 0.000000 0.000000
29.062000 100.501000 3.079722 0.000000 0.000000
29.193000 100.106000 3.099000 0.000000 0.000000
30.547000 101.515000 3.226233 0.000000 0.000000
30.675000 101.394000 3.206133 3.104642 -15.183437
30.875000 101.241000 3.176500 0.000000 0.000000
30.988000 101.119000 3.187941 2.575684 -22.477932
30.867000 101.113000 3.195433 2.658145 -47.326154
31.144000 100.931000 3.177533 2.527223 -15.488326
31.360000 101.155000 3.188750 3.290768 -20.623252
31.235000 101.181000 3.195844 2.954013 -19.360555
30.581000 101.064000 3.176800 2.231005 -19.714765
31.610000 100.018000 3.110444 2.799657 -58.547446
31.945000 103.417000 3.278846 0.000000 0.000000
31.640000 101.444000 3.219538 3.108430 -7.735277
31.802000 101.544000 3.199412 1.188008 20.065296
31.660000 102.025000 3.223150 0.000000 0.000000
31.466000 102.085000 3.225214 1.284403 -7.352623
31.247000 102.002000 3.253643 0.000000 0.000000
29.137000 101.506000 3.156115 0.000000 0.000000
29.104000 101.398000 3.179269 0.000000 0.000000
28.996000 101.512000 3.200281 1.338617 11.646069
28.863000 101.605000 3.221000 2.678963 32.627062
28.759000 101.675000 3.209967 1.438914 26.387546
28.620000 101.663000 3.236722 2.076420 23.457708
28.600000 101.836000 3.224038 0.679720 23.130688
30.422000 104.361000 3.359269 1.172709 -63.310743
29.993000 101.885000 3.164000 0.000000 0.000000
30.317000 101.524000 3.170964 0.000000 0.000000
30.117000 102.173000 3.229900 0.804316 52.359532
30.060000 101.965000 3.233500 1.636705 34.531359
30.025000 101.527000 3.161769 1.350122 36.286058
29.803000 101.525000 3.168344 1.778273 0.778054
29.622000 101.367000 3.152955 0.000000 0.000000
29.503000 101.321000 3.150769 0.000000 0.000000
29.420000 101.234000 3.150107 0.000000 0.000000
29.452000 101.449000 3.142375 1.299575 20.229856
30.580000 102.061000 3.223786 1.112696 68.924205
30.357000 102.141000 3.184571 2.105932 57.258200
30.172000 102.182000 3.241700 1.667010 30.040874
29.722000 102.069000 3.245115 1.993091 20.461329
29.615000 102.110000 3.276867 1.358710 0.625689
29.913000 102.235000 3.264219 1.922681 9.008682
29.576000 102.176000 3.271867 1.519546 11.824044
31.297000 100.749000 3.211735 0.000000 0.000000
31.558000 100.434000 3.173833 4.272097 -3.087501
31.636000 100.309000 3.198000 0.000000 0.000000
31.587000 100.758000 3.182250 3.381940 -0.510072
29.229000 103.261000 3.340567 0.470019 -12.015544
29.813000 103.574000 3.366462 1.460141 22.404623
28.816000 103.633000 3.328833 2.079807 -74.014387
28.836000 103.539000 3.340294 1.888805 -25.249437
28.856000 103.949000 3.365406 1.684211 -17.801362
29.077000 103.706000 3.345906 0.979594 8.702573
28.939000 103.690000 3.301500 0.000000 0.000000
29.070000 103.881000 3.325000 1.855733 18.031043
28.975000 103.901000 3.359824 2.030639 -14.018358
29.537000 103.814000 3.369344 1.677888 -2.445779
29.418000 103.845000 3.385125 2.645025 -80.150165
29.253000 103.080000 3.326412 0.772851 6.889807
29.418000 103.316000 3.353462 1.061361 -14.068552
29.576000 103.454000 3.356063 2.019754 39.804042
29.243000 103.919000 3.374206 0.747291 -68.383685
29.517000 103.983000 3.378917 1.462081 -30.368367
29.676000 104.094000 3.375533 1.123920 -24.074416
30.479000 100.300000 3.138500 0.000000 0.000000
29.691000 100.384000 3.085000 2.940323 -89.167857
29.760000 100.376000 3.179000 0.000000 0.000000
30.000000 100.270000 3.136136 0.000000 0.000000
29.988000 100.217000 3.127318 0.000000 0.000000
29.636000 100.626000 3.170875 2.197197 34.535924
31.438000 103.161000 3.271533 2.083940 -2.395508
31.483000 102.990000 3.260857 3.177530 -1.936176
31.686000 102.783000 3.238538 0.000000 0.000000
31.867000 102.483000 3.202063 0.000000 0.000000
31.903000 102.224000 3.170031 0.876099 -72.197035
31.818000 101.907000 3.195400 0.000000 0.000000
31.862000 101.703000 3.187233 1.836460 -34.360994
29.936000 104.143000 3.410824 0.000000 0.000000
29.984000 104.396000 3.372594 0.780972 -4.735109
29.576000 103.250000 3.355143 1.356111 20.985759
29.858000 103.189000 3.350393 1.215228 32.004557
29.894000 103.338000 3.355077 1.729607 7.230051
30.104000 103.860000 3.381781 2.683916 -19.300413
31.849000 103.603000 3.348077 1.317997 38.840182
31.681000 103.852000 3.344300 0.000000 0.000000
31.767000 104.073000 3.353382 3.542439 5.147554
31.458000 104.712000 3.313118 1.735045 66.630634
31.638000 104.431000 3.337600 2.635559 -4.549295
31.770000 104.712000 3.318643 2.450733 19.850742
31.985000 104.638000 3.354444 0.000000 0.000000
31.825000 104.452000 3.310464 1.352519 -16.988909
31.522000 104.096000 3.346824 2.924767 6.331563
31.070000 104.646000 3.301588 1.546014 73.030234
31.129000 104.423000 3.306588 1.096353 79.779970
31.374000 104.022000 3.345000 4.060346 7.616076
31.906000 100.868000 3.166000 0.000000 0.000000
30.980000 103.460000 3.307269 0.000000 0.000000
31.291000 103.461000 3.279115 3.519862 -25.476859
31.479000 103.587000 3.316885 1.084770 -10.422326
31.003000 103.147000 3.274792 3.938619 -14.304895
31.098000 103.313000 3.290300 3.848413 -0.329179
31.660000 102.322000 3.208107 0.000000 0.000000
31.288000 102.479000 3.249875 1.338987 42.434783
30.993000 102.369000 3.226500 0.801204 -35.726369
30.966000 102.637000 3.211115 1.784921 -65.285707
30.997000 102.833000 3.242067 0.851896 -48.215109
31.313000 100.238000 3.160750 1.030008 5.376830
31.093000 100.318000 3.170529 1.392086 -16.659400
30.946000 100.310000 3.156214 1.837858 -2.955640
30.824000 100.689000 3.181778 4.115576 -15.305815
30.700000 100.192000 3.197750 0.000000 0.000000
31.896000 101.111000 3.184400 3.365805 4.985087
29.011000 102.301000 3.269139 2.274078 -4.361642
29.300000 102.444000 3.287971 1.454100 9.465837
29.230000 102.352000 3.281794 1.639105 7.311576
29.242000 102.236000 3.280643 2.431115 13.621205
30.008000 103.023000 3.326893 0.728093 38.130630
30.806000 102.728000 3.239812 0.620583 -37.051017
30.703000 102.739000 3.245200 1.672853 -41.626687
30.372000 102.813000 3.279367 1.720193 51.871722
30.552000 102.945000 3.266400 1.685948 75.936631
30.138000 102.929000 3.318036 0.345211 37.668146
30.185000 103.234000 3.319821 1.264955 35.681360
29.582000 102.617000 3.315088 1.252683 22.423941
29.349000 102.681000 3.328176 0.928291 -16.153704
29.225000 102.901000 3.319794 1.799164 -10.048559
29.959000 102.408000 3.279500 1.251829 11.733328
30.040000 102.582000 3.292786 1.303545 -2.166570
30.072000 102.762000 3.321767 0.791138 21.958164
29.793000 102.879000 3.322000 0.842197 45.303189
29.774000 102.635000 3.323882 1.043062 27.577603
28.179000 104.516000 3.356467 1.229033 60.804409
28.437000 104.702000 3.385176 0.708943 47.832864
28.581000 104.916000 3.401824 1.203638 3.735263
29.035000 104.566000 3.380969 0.231307 3.667527
28.714000 104.564000 3.360853 1.679533 35.877695
28.797000 104.401000 3.362529 1.425734 61.444548
30.034000 101.012000 3.188676 0.983330 37.392573
30.076000 101.135000 3.187208 1.649801 -78.407421
30.348000 101.004000 3.210324 0.000000 0.000000
30.088000 100.426000 3.132385 0.000000 0.000000
29.985000 100.906000 3.164500 0.864486 3.273967
29.767000 101.092000 3.166231 0.952347 15.700553
29.478000 104.216000 3.354778 0.927657 -38.582295
29.459000 104.426000 3.382800 1.400552 43.555570
29.391000 104.615000 3.386625 0.000000 0.000000
29.280000 104.870000 3.386471 1.838634 -3.239393
29.380000 104.781000 3.387029 1.198450 10.582836
29.164000 104.958000 3.373833 0.000000 0.000000
29.783000 104.858000 3.397143 1.444036 -80.825499
26.201000 101.836000 3.298233 1.351340 -12.269493
26.316000 101.779000 3.304750 1.098766 3.050250
26.503000 101.743000 3.305853 1.230009 -3.216947
26.707000 101.558000 3.291647 1.264404 -10.701736
26.887000 101.518000 3.277429 1.447628 -21.527425
27.038000 101.385000 3.240875 0.749406 -22.190879
27.107000 101.301000 3.243733 1.667141 5.160977
26.693000 101.850000 3.294906 1.521869 -4.806131
26.537000 101.928000 3.305281 0.385350 26.184982
26.856000 101.753000 3.301294 2.044044 -0.045660
27.056000 102.001000 3.280071 2.231995 0.223143
26.841000 102.126000 3.285941 1.570550 14.006694
27.004000 102.154000 3.278618 1.939470 -1.555970
26.577000 101.271000 3.287094 0.563010 41.587143
26.468000 101.017000 3.260200 0.908121 -5.805640
26.683000 100.753000 3.247143 1.892780 -7.986569
27.168000 100.920000 3.207594 2.055633 24.484633
27.336000 102.900000 3.253344 3.369827 -17.238953
27.550000 102.839000 3.247200 2.043401 -12.494920
27.718000 102.797000 3.262281 3.688640 -12.506279
27.336000 102.900000 3.223000 0.000000 0.000000
27.159000 102.244000 3.281059 2.474343 -12.542120
27.281000 102.147000 3.274088 2.838096 -6.617220
27.405000 102.151000 3.267611 2.566358 -1.806716
27.434000 102.019000 3.263722 1.722830 -4.427813
27.296000 102.334000 3.272294 2.651024 -7.954065
28.873000 102.626000 3.282889 2.588710 -13.126764
28.976000 102.778000 3.312214 4.321615 -9.630237
28.830000 102.822000 3.293375 1.780635 -8.853122
28.882000 102.802000 3.299861 4.022303 -5.044638
26.566000 102.474000 3.283313 2.741052 -12.225630
26.643000 102.579000 3.262706 3.544889 -0.127131
26.405000 102.686000 3.249437 2.205308 19.849949
26.669000 103.002000 3.246806 0.000000 0.000000
26.795000 102.974000 3.244382 4.117895 -17.444655
26.855000 102.750000 3.241281 2.483156 -14.481914
26.692000 102.816000 3.260344 0.000000 0.000000
26.653000 102.251000 3.289577 1.688825 -2.457503
26.895000 102.279000 3.281938 2.133936 -8.087566
26.495000 102.119000 3.299267 1.614131 -17.963854
26.281000 102.007000 3.297933 1.542954 -3.358292
26.394000 102.326000 3.288853 1.716880 -8.326920
27.810000 103.188000 3.255529 2.063332 -8.031146
27.542000 103.206000 3.254618 2.311428 -9.689246
27.733000 103.252000 3.258625 1.967712 -1.289138
28.444000 103.776000 3.293222 1.519356 50.223821
28.335000 103.667000 3.309800 1.158981 54.235829
28.088000 103.442000 3.285000 2.315347 -2.849038
28.433000 103.291000 3.285889 1.469111 22.308683
28.272000 103.570000 3.298944 3.060927 -3.234662
28.412000 103.324000 3.283344 1.525858 1.268400
28.313000 103.636000 3.300063 2.860814 -1.961451
28.327000 103.135000 3.274833 2.731851 -0.561848
28.274000 102.976000 3.257833 4.110322 -3.733473
28.611000 103.123000 3.284471 2.426996 3.583284
28.446000 103.100000 3.284833 3.395411 -7.252200
28.761000 103.244000 3.292469 2.485308 -14.456281
28.124000 103.011000 3.261583 1.813722 4.448390
28.660000 103.066000 3.284333 2.595431 -12.266469
27.937000 100.772000 3.138933 1.639134 -5.860432
27.803000 101.202000 3.155100 1.318723 3.883538
28.390000 101.263000 3.155562 1.403722 -8.012846
28.233000 101.170000 3.127000 2.158755 -16.252445
28.021000 101.196000 3.151133 1.842910 -5.003994
28.135000 100.926000 3.141719 1.858216 -7.186726
28.051000 101.020000 3.143344 1.279160 10.831223
27.932000 101.272000 3.148875 1.307478 -1.297359
28.500000 100.904000 3.134063 3.306896 -22.171468
28.254000 100.855000 3.134094 1.928187 4.008150
28.500000 101.887000 3.249367 2.211741 -9.972910
28.187000 101.798000 3.223450 0.835940 21.815032
28.333000 102.174000 3.258333 2.387271 -7.777888
28.826000 102.287000 3.264528 2.756337 -0.549743
28.627000 102.253000 3.264294 2.778062 -6.092036
28.547000 102.158000 3.258794 2.141178 -1.373548
26.928000 102.889000 3.239853 3.245145 -14.506837
27.155000 102.905000 3.242250 3.390830 -19.940499
27.228000 102.609000 3.271794 3.068287 -22.251328
27.049000 102.755000 3.244529 4.048872 -6.512190
27.384000 102.543000 3.273324 2.993408 -13.940999
27.484000 102.483000 3.267235 1.748842 -2.386676
27.641000 102.407000 3.257312 2.478288 -19.999690
28.699000 103.874000 3.351400 2.312310 -61.301494
28.614000 104.083000 3.359333 0.342050 61.296342
28.627000 103.886000 3.333933 0.000000 0.000000
28.149000 102.189000 3.256528 1.207935 -13.310873
27.743000 102.145000 3.248806 1.411382 -30.126496
27.727000 102.377000 3.258833 2.072667 -22.631637
27.589000 102.214000 3.265611 2.311582 -9.599619
27.911000 102.228000 3.257083 1.143164 -12.785777
28.364000 102.274000 3.252444 2.894596 -15.565847
28.209000 102.519000 3.265912 1.992961 -13.265502
28.319000 102.438000 3.252313 1.622776 -2.103159
28.613000 104.406000 3.381800 1.100896 17.634987
27.772000 103.885000 3.289179 0.000000 0.000000
28.005000 104.002000 3.312531 1.005360 15.368177
26.540000 103.594000 3.153867 2.061108 28.608129
26.677000 103.531000 3.156375 0.000000 0.000000
26.428000 103.322000 3.175313 1.497005 26.209152
26.211000 103.155000 3.164633 2.500127 10.458895
27.573000 103.759000 3.294533 0.000000 0.000000
27.361000 103.680000 3.277433 0.000000 0.000000
28.094000 104.271000 3.337118 0.629160 45.628662
27.739000 100.672000 3.136833 2.235637 -11.859203
28.378000 102.762000 3.264941 2.790716 -4.675267
28.493000 102.627000 3.264528 2.299190 -1.531426
28.576000 102.505000 3.263000 2.655609 -5.079092
28.711000 102.530000 3.272967 2.628073 2.343859
27.714000 100.862000 3.153800 2.540255 -9.326330
27.565000 101.052000 3.174000 1.974636 -7.563934
27.467000 101.678000 3.232125 3.074669 -10.269006
27.438000 101.411000 3.181909 0.592028 -27.332551
27.652000 101.859000 3.246471 3.019709 -8.980241
27.336000 101.311000 3.214600 1.131281 -5.128259
27.719000 101.961000 3.262029 2.424344 -9.777669
27.480000 101.462000 3.212679 3.894484 -0.752414
27.369000 101.107000 3.202533 1.335575 1.494841
27.600000 101.308000 3.175800 1.859260 -3.832996
27.719000 101.961000 3.240444 4.143501 -36.605042
28.227000 102.789000 3.253063 2.543274 2.993745
28.113000 103.174000 3.265333 1.969080 2.546708
27.914000 102.869000 3.242286 0.341665 -47.248032
27.878000 102.569000 3.252969 1.693791 -20.305914
27.998000 103.084000 3.259000 1.954953 6.887340
28.003000 102.843000 3.257559 2.286819 -14.433516
27.864000 102.420000 3.252382 1.671430 -21.753163
27.956000 102.746000 3.258567 1.719258 1.505298
