30.961000 103.918000 0.026000 1.083207 11.278890
30.910000 103.758000 0.028000 0.656814 27.737211
30.719000 103.850000 0.031000 0.695674 51.360817
30.575000 103.519000 0.029000 1.412635 17.670862
30.395000 103.702000 0.029000 1.063055 8.627295
30.305000 104.021000 0.030500 0.612082 27.800094
30.856000 104.191000 0.032500 0.592155 14.078509
30.269000 103.620000 0.030000 0.965160 7.083403
30.502000 104.249000 0.032000 0.508114 57.569396
30.721000 102.044000 0.036000 1.030231 45.667824
31.018000 102.132000 0.033000 0.741856 21.712912
31.056000 101.871000 0.034000 0.689012 14.244106
30.879000 101.875000 0.035000 0.986946 11.302240
31.036000 101.643000 0.035500 0.841553 11.320573
30.791000 101.752000 0.032000 0.848350 20.089420
30.604000 101.734000 0.033000 1.057266 8.004164
29.045000 100.310000 0.034000 1.841738 45.473816
29.062000 100.501000 0.030000 1.534973 36.331320
29.193000 100.106000 0.047000 2.615309 28.596738
30.547000 101.515000 0.028000 0.789402 7.271666
30.675000 101.394000 0.037000 0.698448 11.971497
30.988000 101.119000 0.033000 0.787717 14.377073
30.867000 101.113000 0.033000 0.638650 24.828825
31.144000 100.931000 0.032000 0.774954 26.566145
31.360000 101.155000 0.031000 0.645428 35.948123
31.235000 101.181000 0.033500 0.763769 62.840577
30.581000 101.064000 0.035000 0.557947 5.829867
31.610000 100.018000 0.030000 2.087804 34.127349
31.945000 103.417000 0.027000 0.601045 10.269619
31.640000 101.444000 0.032000 0.681609 16.763114
31.802000 101.544000 0.032500 0.766915 37.627788
31.660000 102.025000 0.035000 0.832078 8.830555
31.466000 102.085000 0.031000 0.581812 30.555295
31.247000 102.002000 0.033000 0.707976 35.473102
29.137000 101.506000 0.029500 0.932944 14.696126
29.104000 101.398000 0.028000 0.598533 33.378044
28.996000 101.512000 0.030000 0.671349 9.068254
28.863000 101.605000 0.030000 0.570106 6.768558
28.759000 101.675000 0.032000 0.669298 13.341364
28.620000 101.663000 0.033000 0.458959 7.201478
28.600000 101.836000 0.031000 0.671025 15.060837
30.422000 104.361000 0.024000 0.761066 71.990224
29.993000 101.885000 0.026000 1.060212 13.622391
30.317000 101.524000 0.028000 0.636245 35.944262
30.117000 102.173000 0.030500 0.642069 25.767215
30.060000 101.965000 0.030000 0.649356 7.622460
30.025000 101.527000 0.028500 0.476427 55.134281
29.803000 101.525000 0.032000 0.525150 32.100378
29.622000 101.367000 0.027000 0.807417 68.208719
29.503000 101.321000 0.026500 0.714770 37.776771
29.420000 101.234000 0.029000 0.819021 67.649894
29.452000 101.449000 0.029000 0.718698 28.984628
30.580000 102.061000 0.030000 0.659626 19.272509
30.357000 102.141000 0.030000 0.656748 58.050936
30.172000 102.182000 0.029000 0.504636 56.087168
29.722000 102.069000 0.026000 0.813027 21.644425
29.615000 102.110000 0.028000 0.600090 17.405223
29.913000 102.235000 0.028000 0.564367 7.132059
29.576000 102.176000 0.029000 0.631609 26.828580
31.297000 100.749000 0.031500 0.935093 12.158396
31.558000 100.434000 0.028000 0.635266 20.095144
31.636000 100.309000 0.026000 1.352753 29.048393
31.587000 100.758000 0.034000 0.790534 18.101138
29.229000 103.261000 0.029000 0.467437 31.755581
29.813000 103.574000 0.027000 0.711472 7.576818
28.816000 103.633000 0.031000 0.815265 13.506433
28.836000 103.539000 0.030000 0.482304 7.686017
28.856000 103.949000 0.030000 0.520684 11.617633
29.077000 103.706000 0.031000 0.498670 11.087160
29.070000 103.881000 0.027000 0.693460 35.499642
28.975000 103.901000 0.029000 0.559879 19.133689
29.537000 103.814000 0.030000 0.479934 17.352235
29.418000 103.845000 0.028000 0.900665 31.070431
29.253000 103.080000 0.030000 0.402342 30.441940
29.418000 103.316000 0.029000 0.477119 22.886898
29.576000 103.454000 0.031000 0.474550 7.687580
29.243000 103.919000 0.026000 0.614711 30.729838
29.517000 103.983000 0.028000 0.445545 68.203751
29.676000 104.094000 0.030000 0.438689 75.534486
30.479000 100.300000 0.038000 1.543336 12.248273
29.691000 100.384000 0.029000 1.045997 46.609589
29.760000 100.376000 0.025000 1.299988 18.686411
30.000000 100.270000 0.025000 1.177785 25.635013
29.988000 100.217000 0.028000 1.497832 39.890493
29.636000 100.626000 0.031000 1.130529 55.288846
31.438000 103.161000 0.026000 0.853732 22.744444
31.483000 102.990000 0.027000 0.916636 26.431738
31.686000 102.783000 0.025000 0.909139 25.749498
31.867000 102.483000 0.021000 0.915545 13.661656
31.903000 102.224000 0.027000 0.760461 13.618430
31.818000 101.907000 0.031000 0.554009 35.393439
31.862000 101.703000 0.034000 0.613325 15.528359
29.936000 104.143000 0.028000 0.457383 82.268835
29.984000 104.396000 0.029000 0.458060 70.089119
29.576000 103.250000 0.031000 0.547822 7.858206
29.858000 103.189000 0.030500 0.572607 7.971964
29.894000 103.338000 0.030500 0.551229 7.411822
30.104000 103.860000 0.029500 0.800402 8.999145
31.849000 103.603000 0.027000 0.483048 14.370391
31.681000 103.852000 0.029000 0.720956 31.525214
31.767000 104.073000 0.032000 0.657287 23.505009
31.458000 104.712000 0.029500 0.921940 15.687078
31.638000 104.431000 0.032000 0.764087 18.733539
31.770000 104.712000 0.027000 0.828211 12.285251
31.985000 104.638000 0.021000 1.347063 9.717259
31.825000 104.452000 0.026500 0.786150 17.152214
31.522000 104.096000 0.027000 0.644118 22.670104
31.070000 104.646000 0.026000 0.764313 4.394251
31.129000 104.423000 0.029000 0.902991 13.587294
31.374000 104.022000 0.030000 0.566990 9.341166
31.906000 100.868000 0.026000 0.813056 5.630374
30.980000 103.460000 0.030000 1.184283 11.073060
31.291000 103.461000 0.030000 0.830088 49.004586
31.479000 103.587000 0.030000 0.718720 37.996244
31.003000 103.147000 0.032000 1.158210 25.005175
31.098000 103.313000 0.029000 0.810865 10.018483
31.660000 102.322000 0.026000 1.005029 35.758443
31.288000 102.479000 0.032000 0.810515 34.682886
30.993000 102.369000 0.032000 0.626137 53.763580
30.966000 102.637000 0.032000 0.724091 40.099591
30.997000 102.833000 0.030000 0.855819 20.010234
31.313000 100.238000 0.030000 0.831514 14.490027
31.093000 100.318000 0.028500 0.555320 56.724546
30.946000 100.310000 0.030000 0.618018 67.082116
30.824000 100.689000 0.033000 0.828823 56.596053
30.700000 100.192000 0.029000 1.071538 77.766216
31.896000 101.111000 0.029000 0.755938 63.334687
29.011000 102.301000 0.030000 0.482147 24.017270
29.300000 102.444000 0.031000 0.539936 23.981833
29.230000 102.352000 0.033000 0.508456 26.422741
29.242000 102.236000 0.029000 0.592083 29.470959
30.008000 103.023000 0.030000 0.630818 11.379513
30.806000 102.728000 0.030000 0.803030 18.543393
30.703000 102.739000 0.029000 0.717794 7.686788
30.372000 102.813000 0.033000 0.528590 7.912424
30.552000 102.945000 0.025500 0.796123 9.999776
30.138000 102.929000 0.031000 0.536845 7.190469
30.185000 103.234000 0.029000 0.505275 4.966380
29.582000 102.617000 0.030000 0.475872 12.693331
29.349000 102.681000 0.028000 0.719903 14.035746
29.225000 102.901000 0.031000 0.478321 27.871397
29.959000 102.408000 0.029500 0.614210 10.165625
30.040000 102.582000 0.030000 0.686502 8.121720
30.072000 102.762000 0.031000 0.528679 5.462930
29.793000 102.879000 0.030000 0.442834 9.633043
29.774000 102.635000 0.030000 0.415576 15.651419
28.179000 104.516000 0.024500 0.716752 32.211748
28.437000 104.702000 0.026500 0.542986 34.930566
28.581000 104.916000 0.032000 0.427802 9.393856
29.035000 104.566000 0.028000 0.464235 14.514755
28.714000 104.564000 0.028500 0.412949 37.717223
28.797000 104.401000 0.029000 0.455838 36.086069
30.034000 101.012000 0.035000 0.882778 23.424219
30.076000 101.135000 0.038000 0.941163 11.642801
30.348000 101.004000 0.036500 0.788305 11.232878
30.088000 100.426000 0.025500 1.171111 14.970009
29.985000 100.906000 0.034000 0.764710 13.025548
29.767000 101.092000 0.031500 0.754905 46.157191
29.478000 104.216000 0.027000 0.545775 16.496456
29.459000 104.426000 0.028500 0.354749 66.811035
29.391000 104.615000 0.032000 0.498247 76.470084
29.280000 104.870000 0.032000 0.499114 57.481160
29.380000 104.781000 0.030000 0.361648 35.519915
29.164000 104.958000 0.030000 0.649195 63.853293
29.783000 104.858000 0.029000 0.385259 82.863761
26.201000 101.836000 0.034000 0.629723 32.794789
26.316000 101.779000 0.034000 0.570633 48.228430
26.503000 101.743000 0.034000 0.555769 67.328161
26.707000 101.558000 0.032000 0.487037 37.886148
26.887000 101.518000 0.031000 0.699718 60.381728
27.038000 101.385000 0.033000 0.724737 10.287942
27.107000 101.301000 0.034000 0.959756 19.136160
26.693000 101.850000 0.036000 0.561026 24.969579
26.537000 101.928000 0.032000 0.444596 63.750571
26.856000 101.753000 0.035000 0.718375 19.590190
27.056000 102.001000 0.032500 0.662802 23.108476
26.841000 102.126000 0.035000 0.474972 13.579222
27.004000 102.154000 0.032000 0.459543 45.642643
26.577000 101.271000 0.027000 0.646048 10.785455
26.468000 101.017000 0.027000 0.651301 14.780235
26.683000 100.753000 0.026000 0.975898 8.503619
27.168000 100.920000 0.032000 0.609077 4.836011
27.336000 102.900000 0.032000 0.484426 8.476558
27.550000 102.839000 0.032000 0.441302 5.197752
27.718000 102.797000 0.035000 0.409295 7.290972
27.159000 102.244000 0.033000 0.335636 56.466932
27.281000 102.147000 0.034000 0.417544 27.233335
27.405000 102.151000 0.035000 0.405476 15.581305
27.434000 102.019000 0.034000 0.457421 11.960040
27.296000 102.334000 0.035000 0.347702 41.358381
28.873000 102.626000 0.034000 0.468653 10.450917
28.976000 102.778000 0.029000 0.527410 8.248853
28.830000 102.822000 0.031500 0.538665 16.029022
28.882000 102.802000 0.034000 0.517088 6.963889
26.566000 102.474000 0.033000 0.486576 71.186634
26.643000 102.579000 0.034000 0.376784 52.730860
26.405000 102.686000 0.033500 0.706312 21.708574
26.669000 103.002000 0.036000 0.662963 9.664699
26.795000 102.974000 0.032000 0.599856 7.999053
26.855000 102.750000 0.034000 0.565419 11.230170
26.692000 102.816000 0.033000 0.483106 29.323328
26.653000 102.251000 0.031500 0.655610 53.276186
26.895000 102.279000 0.034000 0.357163 50.567728
26.495000 102.119000 0.034500 0.515863 18.476817
26.281000 102.007000 0.032000 0.594227 75.320141
26.394000 102.326000 0.032000 0.487793 66.495064
27.810000 103.188000 0.033000 0.638180 5.579172
27.542000 103.206000 0.030500 0.753570 6.668502
27.733000 103.252000 0.033000 0.635387 5.632189
28.444000 103.776000 0.030000 0.672930 19.239471
28.335000 103.667000 0.028000 0.588746 16.909679
28.088000 103.442000 0.033000 0.545079 18.453445
28.433000 103.291000 0.036000 0.687000 27.767539
28.272000 103.570000 0.032500 0.505039 19.873172
28.412000 103.324000 0.032000 0.457120 47.958106
28.313000 103.636000 0.029500 0.592175 73.534426
28.327000 103.135000 0.031000 0.622186 9.974477
28.274000 102.976000 0.032000 0.485912 30.357537
28.611000 103.123000 0.030000 0.502942 8.229493
28.446000 103.100000 0.032000 0.579198 12.148600
28.761000 103.244000 0.029000 0.504026 8.518061
28.124000 103.011000 0.034000 0.436487 9.774910
28.660000 103.066000 0.033000 0.703044 18.434661
27.937000 100.772000 0.034000 0.862691 34.097693
27.803000 101.202000 0.032000 0.521270 3.917282
28.390000 101.263000 0.036000 0.403318 31.652683
28.233000 101.170000 0.049000 0.644705 11.298538
28.021000 101.196000 0.035000 0.437877 16.064916
28.135000 100.926000 0.033000 0.770918 6.654953
28.051000 101.020000 0.037000 0.491084 61.092015
27.932000 101.272000 0.033000 0.577730 9.683671
28.500000 100.904000 0.033000 0.561348 15.357173
28.254000 100.855000 0.035000 0.444970 63.919979
28.500000 101.887000 0.032000 0.648754 8.117150
28.187000 101.798000 0.034500 0.707320 8.382844
28.333000 102.174000 0.034000 0.456039 6.916601
28.826000 102.287000 0.032000 0.588789 20.869373
28.627000 102.253000 0.032000 0.553479 12.085907
28.547000 102.158000 0.031000 0.490205 9.699193
26.928000 102.889000 0.032000 0.595731 7.312333
27.155000 102.905000 0.030000 0.567676 5.104676
27.228000 102.609000 0.037000 0.559354 18.878181
27.049000 102.755000 0.032000 0.506104 16.503851
27.384000 102.543000 0.034000 0.340293 22.754583
27.484000 102.483000 0.032000 0.379103 7.623873
27.641000 102.407000 0.035000 0.715655 8.384604
28.699000 103.874000 0.030000 0.692905 9.490503
28.614000 104.083000 0.033000 0.532700 13.835644
28.627000 103.886000 0.033000 0.725285 10.001964
28.149000 102.189000 0.033000 0.522199 9.097292
27.743000 102.145000 0.033500 0.457009 12.934140
27.727000 102.377000 0.036000 0.406606 18.783863
27.589000 102.214000 0.034500 0.498564 13.240046
27.911000 102.228000 0.035000 0.467426 8.867808
28.364000 102.274000 0.032000 0.506038 14.010165
28.209000 102.519000 0.035000 0.430687 6.246014
28.319000 102.438000 0.034000 0.450783 21.970308
28.613000 104.406000 0.028000 0.585750 39.422945
27.772000 103.885000 0.033000 1.064619 34.078867
28.005000 104.002000 0.032000 0.509716 68.283519
26.540000 103.594000 0.032000 0.704583 35.341352
26.677000 103.531000 0.035000 1.059713 25.304872
26.428000 103.322000 0.036000 0.557341 19.369972
26.211000 103.155000 0.032000 0.504332 41.270498
27.573000 103.759000 0.030500 0.916116 5.963110
27.361000 103.680000 0.027500 1.266697 26.525548
28.094000 104.271000 0.029000 0.912785 8.335958
27.739000 100.672000 0.033000 0.553890 56.037319
28.378000 102.762000 0.032500 0.467194 11.271995
28.493000 102.627000 0.034000 0.431814 14.693661
28.576000 102.505000 0.034000 0.484534 13.075907
28.711000 102.530000 0.035000 0.498361 10.910381
27.714000 100.862000 0.033000 0.618185 10.162548
27.565000 101.052000 0.034000 0.512951 5.321500
27.467000 101.678000 0.032000 0.574781 7.113627
27.652000 101.859000 0.032500 0.618126 6.157559
27.336000 101.311000 0.030000 0.519881 3.423466
27.719000 101.961000 0.034000 0.518625 7.262492
27.480000 101.462000 0.034000 0.764999 4.123572
27.369000 101.107000 0.032000 0.550636 7.276228
27.600000 101.308000 0.034000 0.658225 4.883732
27.719000 101.961000 0.030500 0.768524 67.187011
28.227000 102.789000 0.034000 0.579688 10.856866
28.113000 103.174000 0.034000 0.409199 12.066088
27.914000 102.869000 0.033000 0.708332 9.767598
27.878000 102.569000 0.035000 0.459861 13.814892
27.998000 103.084000 0.034000 0.588811 10.386465
28.003000 102.843000 0.034000 0.402776 10.879251
27.864000 102.420000 0.036000 0.348182 7.834245
27.956000 102.746000 0.034000 0.360018 7.765728
