30.961000 103.918000 0.077436 0.959541 20.545966
30.910000 103.758000 0.072885 0.901079 13.171439
30.719000 103.850000 0.078599 0.660201 26.766956
30.575000 103.519000 0.098983 1.370339 20.221766
30.395000 103.702000 0.079140 0.720632 29.060951
30.305000 104.021000 0.088109 0.963331 28.808668
30.856000 104.191000 0.061805 0.582078 38.811218
30.269000 103.620000 0.081773 0.938361 38.767438
30.502000 104.249000 0.106705 0.789625 21.919760
30.721000 102.044000 0.104014 1.233029 9.537739
31.018000 102.132000 0.074613 0.950858 5.879004
31.056000 101.871000 0.107672 1.112713 6.848956
30.879000 101.875000 0.071956 0.904930 10.603066
31.036000 101.643000 0.080316 0.805890 11.814076
30.791000 101.752000 0.069077 0.910300 18.248928
30.604000 101.734000 0.083630 0.907290 6.748225
29.045000 100.310000 0.103746 2.583706 27.041928
29.062000 100.501000 0.084472 1.531228 50.894160
30.547000 101.515000 0.104028 1.364051 25.898188
30.675000 101.394000 0.067851 0.888384 9.350402
30.988000 101.119000 0.068298 0.730136 8.241425
30.867000 101.113000 0.078002 0.946254 16.791069
31.144000 100.931000 0.076610 0.693118 6.240259
31.360000 101.155000 0.083791 0.864234 8.715483
31.235000 101.181000 0.081765 0.696546 8.665955
30.581000 101.064000 0.074985 0.744030 12.784619
31.610000 100.018000 0.056215 0.629028 9.560530
31.945000 103.417000 0.129648 1.003288 48.755986
31.640000 101.444000 0.087552 0.827064 15.203772
31.802000 101.544000 0.093072 0.890543 33.939972
31.660000 102.025000 0.076967 1.039260 15.055805
31.466000 102.085000 0.088714 0.844208 16.010041
31.247000 102.002000 0.089025 1.004331 41.936668
29.137000 101.506000 0.078297 1.010584 40.140532
29.104000 101.398000 0.082887 1.634372 7.103525
28.996000 101.512000 0.091318 0.749053 42.523113
28.863000 101.605000 0.073164 0.879641 21.757871
28.759000 101.675000 0.090375 0.751730 17.683670
28.620000 101.663000 0.075724 0.810990 16.236681
28.600000 101.836000 0.067872 0.736777 21.046871
30.422000 104.361000 0.095528 0.848634 57.650644
30.317000 101.524000 0.082841 1.142030 19.436429
30.117000 102.173000 0.061444 0.507382 43.429397
30.060000 101.965000 0.067567 0.720213 22.276296
30.025000 101.527000 0.057486 0.705361 31.923437
29.803000 101.525000 0.084529 0.663716 17.363191
29.622000 101.367000 0.098737 1.109497 13.513882
29.503000 101.321000 0.073371 1.117904 26.772626
29.420000 101.234000 0.094074 1.145259 43.574102
29.452000 101.449000 0.070291 0.891308 20.642772
30.580000 102.061000 0.103608 0.882124 56.636026
30.357000 102.141000 0.083125 0.896288 15.874149
30.172000 102.182000 0.068936 0.625729 30.187489
29.722000 102.069000 0.069888 0.725156 27.156091
29.615000 102.110000 0.061726 0.437210 8.615825
29.913000 102.235000 0.069720 0.573341 16.544632
29.576000 102.176000 0.072208 0.714867 17.293922
31.297000 100.749000 0.078761 1.054553 8.302367
31.558000 100.434000 0.081080 0.682535 6.500050
31.636000 100.309000 0.117351 1.244904 11.267554
31.587000 100.758000 0.081730 0.914456 9.380448
29.229000 103.261000 0.067235 0.575315 23.422414
29.813000 103.574000 0.065680 0.628384 22.860203
28.816000 103.633000 0.066861 0.858082 48.310638
28.836000 103.539000 0.067700 0.665862 12.225547
28.856000 103.949000 0.065411 0.653781 13.139169
29.077000 103.706000 0.077545 0.968255 16.142470
29.070000 103.881000 0.071812 0.968570 21.890107
28.975000 103.901000 0.069941 0.709568 9.673805
29.537000 103.814000 0.068614 0.597994 18.391031
29.418000 103.845000 0.039686 0.612841 21.235035
29.253000 103.080000 0.072107 0.479016 20.746778
29.418000 103.316000 0.073526 0.754692 17.187015
29.576000 103.454000 0.065052 0.591833 13.235579
29.243000 103.919000 0.078125 0.521232 31.775350
29.517000 103.983000 0.066963 0.713764 14.470689
29.676000 104.094000 0.072428 0.590555 27.354923
29.691000 100.384000 0.047904 0.692180 75.185722
30.000000 100.270000 0.123005 2.200014 11.226886
29.988000 100.217000 0.130688 1.421238 63.370046
29.636000 100.626000 0.076946 0.847058 13.742822
31.438000 103.161000 0.097665 0.880024 24.183562
31.483000 102.990000 0.120387 0.961258 14.808990
31.686000 102.783000 0.106522 1.298502 25.941274
31.867000 102.483000 0.102006 1.084479 28.393819
31.903000 102.224000 0.091452 0.885173 67.935945
31.818000 101.907000 0.071644 1.163833 30.773761
31.862000 101.703000 0.104946 0.869040 27.449194
29.936000 104.143000 0.088771 1.038942 16.804313
29.984000 104.396000 0.077505 0.754904 47.917836
29.576000 103.250000 0.055138 0.388984 16.590122
29.858000 103.189000 0.057933 0.428892 12.939842
29.894000 103.338000 0.054975 0.404393 6.290540
30.104000 103.860000 0.086232 0.820230 8.225440
31.849000 103.603000 0.051190 0.617371 22.256895
31.681000 103.852000 0.099411 1.134624 13.779211
31.767000 104.073000 0.067306 0.671522 8.462174
31.458000 104.712000 0.078173 0.726687 66.580942
31.638000 104.431000 0.073359 0.719934 7.234191
31.770000 104.712000 0.090644 0.793067 20.021993
31.985000 104.638000 0.095356 1.346853 15.284710
31.825000 104.452000 0.073929 0.968079 19.935546
31.522000 104.096000 0.083117 0.642934 6.883028
31.070000 104.646000 0.069060 0.631946 65.621345
31.129000 104.423000 0.079712 0.602735 64.248210
31.374000 104.022000 0.074221 0.557102 4.539781
31.906000 100.868000 0.085290 1.264191 22.545795
30.980000 103.460000 0.095830 1.340146 56.778752
31.291000 103.461000 0.075646 0.835468 10.106620
31.479000 103.587000 0.085660 0.999947 20.758523
31.003000 103.147000 0.082577 0.901502 9.832807
31.098000 103.313000 0.079041 0.682612 5.929219
31.660000 102.322000 0.085714 1.005828 24.640260
31.288000 102.479000 0.082204 0.666096 35.991960
30.993000 102.369000 0.069919 0.658998 14.742670
30.966000 102.637000 0.071243 0.710991 60.202385
30.997000 102.833000 0.078963 0.856175 44.020282
31.313000 100.238000 0.065484 0.697612 16.093918
31.093000 100.318000 0.087563 0.591553 26.166413
30.946000 100.310000 0.109148 0.870139 25.138408
30.824000 100.689000 0.067644 0.923791 10.121125
30.700000 100.192000 0.086413 1.159339 23.289683
31.896000 101.111000 0.092438 0.813091 18.265060
29.011000 102.301000 0.062236 0.707687 8.130264
29.300000 102.444000 0.062353 0.460289 11.730963
29.230000 102.352000 0.058927 0.463532 8.422821
29.242000 102.236000 0.060992 0.595655 8.571000
30.008000 103.023000 0.048362 0.390612 19.114590
30.806000 102.728000 0.086771 0.647750 52.122170
30.703000 102.739000 0.086180 0.585596 29.418540
30.372000 102.813000 0.062795 0.595289 28.977676
30.552000 102.945000 0.079567 0.806646 77.329083
30.138000 102.929000 0.047465 0.448208 25.151175
30.185000 103.234000 0.050615 0.679127 26.854813
29.582000 102.617000 0.068369 0.444158 10.648714
29.349000 102.681000 0.067293 0.442227 13.838819
29.225000 102.901000 0.055483 0.454462 8.201179
29.959000 102.408000 0.051420 0.500222 11.424739
30.040000 102.582000 0.059189 0.559625 19.694563
30.072000 102.762000 0.050506 0.408625 23.313775
29.793000 102.879000 0.053304 0.468237 17.077682
29.774000 102.635000 0.055996 0.476799 14.375922
28.179000 104.516000 0.095752 0.639989 50.340926
28.437000 104.702000 0.074598 0.535710 34.524620
28.581000 104.916000 0.079060 0.581981 22.627887
29.035000 104.566000 0.068478 0.686366 48.466083
28.714000 104.564000 0.059015 0.766183 13.648121
28.797000 104.401000 0.082317 0.715557 46.629437
30.034000 101.012000 0.087834 0.737291 41.133038
30.076000 101.135000 0.073556 0.952387 40.766639
30.348000 101.004000 0.099427 1.412126 13.258300
30.088000 100.426000 0.110874 1.122435 60.572098
29.985000 100.906000 0.082773 0.544949 42.514061
29.767000 101.092000 0.070750 0.729138 12.716333
29.478000 104.216000 0.057430 0.742787 24.541935
29.459000 104.426000 0.075791 0.571976 33.706519
29.391000 104.615000 0.071149 1.013363 22.568332
29.280000 104.870000 0.087842 0.769220 24.873344
29.380000 104.781000 0.085293 0.593874 40.063755
29.164000 104.958000 0.086141 1.069512 23.190019
29.783000 104.858000 0.091912 0.852537 57.384872
26.201000 101.836000 0.073260 0.596425 16.931540
26.316000 101.779000 0.066939 0.487590 19.134993
26.503000 101.743000 0.051759 0.415160 17.428770
26.707000 101.558000 0.060459 0.419268 10.822651
26.887000 101.518000 0.058538 0.646555 15.100607
27.038000 101.385000 0.063963 0.413267 42.807740
27.107000 101.301000 0.054888 0.602357 22.213648
26.693000 101.850000 0.062018 0.511862 16.139002
26.537000 101.928000 0.055734 0.460060 41.318523
26.856000 101.753000 0.065218 0.530293 7.179609
27.056000 102.001000 0.066637 0.407873 6.121751
26.841000 102.126000 0.064348 0.425404 9.698189
27.004000 102.154000 0.059903 0.387153 5.902475
26.577000 101.271000 0.070858 0.460822 38.982237
26.468000 101.017000 0.099487 0.672576 24.112602
26.683000 100.753000 0.094843 0.915688 10.919022
27.168000 100.920000 0.076086 0.677795 15.773511
27.336000 102.900000 0.059929 0.849922 6.155394
27.550000 102.839000 0.058381 0.537293 16.996596
27.718000 102.797000 0.054951 0.324771 4.093219
27.159000 102.244000 0.058842 0.657732 6.247283
27.281000 102.147000 0.061302 0.665709 4.657981
27.405000 102.151000 0.060952 0.420017 6.706961
27.434000 102.019000 0.055136 0.401155 12.797093
27.296000 102.334000 0.063612 0.590972 5.113547
28.873000 102.626000 0.071147 0.663219 5.637276
28.976000 102.778000 0.090305 0.806483 5.463795
28.830000 102.822000 0.060306 0.549486 21.256848
28.882000 102.802000 0.062875 0.521679 4.671173
26.566000 102.474000 0.065203 0.485195 8.215900
26.643000 102.579000 0.062937 0.966384 6.182572
26.405000 102.686000 0.084193 0.706260 12.675449
26.669000 103.002000 0.076670 1.086877 4.988408
26.795000 102.974000 0.079359 0.797903 7.387389
26.855000 102.750000 0.054094 0.542387 8.699111
26.692000 102.816000 0.075613 1.019715 5.668988
26.653000 102.251000 0.050282 0.414561 9.806456
26.895000 102.279000 0.057597 0.566369 6.812591
26.495000 102.119000 0.056069 0.433574 7.277651
26.281000 102.007000 0.065270 0.422597 10.654192
26.394000 102.326000 0.069706 0.586197 16.942263
27.810000 103.188000 0.065869 0.696686 11.179206
27.542000 103.206000 0.072325 0.722555 21.905751
27.733000 103.252000 0.068282 0.691883 9.197507
28.444000 103.776000 0.077356 0.941199 30.743387
28.335000 103.667000 0.066174 0.651877 14.889469
28.088000 103.442000 0.059384 0.502703 5.447202
28.433000 103.291000 0.033643 0.436708 13.874578
28.272000 103.570000 0.067502 0.484046 4.249025
28.412000 103.324000 0.054401 0.481026 7.425472
28.313000 103.636000 0.069100 0.758262 5.877392
28.327000 103.135000 0.057377 0.342280 4.541043
28.274000 102.976000 0.063696 0.540961 5.696112
28.611000 103.123000 0.068736 0.492970 7.015359
28.446000 103.100000 0.065094 0.385945 4.316617
28.761000 103.244000 0.067594 0.587734 8.069997
28.124000 103.011000 0.055316 0.344466 7.858605
28.660000 103.066000 0.069486 0.516463 8.470260
27.937000 100.772000 0.071448 0.559457 17.053890
27.803000 101.202000 0.064089 0.467530 13.523132
28.390000 101.263000 0.062462 0.529760 17.917333
28.233000 101.170000 0.041926 0.763851 11.269919
28.021000 101.196000 0.051331 0.603069 15.332998
28.135000 100.926000 0.068775 0.634712 16.920726
28.051000 101.020000 0.055394 0.471934 24.650813
27.932000 101.272000 0.059412 0.499975 12.193131
28.500000 100.904000 0.087007 0.851422 12.559531
28.254000 100.855000 0.059244 0.523909 12.704740
28.500000 101.887000 0.074890 0.965781 14.720130
28.187000 101.798000 0.071377 0.705421 36.237037
28.333000 102.174000 0.055994 0.818953 5.120788
28.826000 102.287000 0.061720 0.788893 8.718476
28.627000 102.253000 0.050262 0.779626 5.684722
28.547000 102.158000 0.055210 0.653407 7.013541
26.928000 102.889000 0.076415 0.797585 8.726741
27.155000 102.905000 0.072729 0.757466 6.552654
27.228000 102.609000 0.064979 0.596864 7.513354
27.049000 102.755000 0.066890 0.549093 5.708091
27.384000 102.543000 0.063850 0.491363 4.452931
27.484000 102.483000 0.054243 0.394010 9.521696
27.641000 102.407000 0.055747 0.540640 5.617858
28.699000 103.874000 0.055453 0.867553 28.660606
28.614000 104.083000 0.057229 0.476911 56.721860
28.627000 103.886000 0.096467 1.056443 20.403386
28.149000 102.189000 0.056517 0.565532 8.448913
27.743000 102.145000 0.060893 0.385779 31.855981
27.727000 102.377000 0.062736 0.591093 15.206682
27.589000 102.214000 0.059903 0.412266 6.324163
27.911000 102.228000 0.057737 0.466982 25.240347
28.364000 102.274000 0.059662 0.745137 4.200910
28.209000 102.519000 0.046958 0.521183 4.809817
28.319000 102.438000 0.042525 0.352479 10.364479
28.613000 104.406000 0.046316 0.482190 23.881893
27.772000 103.885000 0.103551 1.665078 58.901336
28.005000 104.002000 0.087474 0.964007 22.120490
26.540000 103.594000 0.078955 0.814067 11.088866
26.677000 103.531000 0.081586 1.075430 18.474144
26.428000 103.322000 0.059875 0.481210 9.774091
26.211000 103.155000 0.078774 0.636509 14.507018
27.573000 103.759000 0.110520 1.452718 13.985795
27.361000 103.680000 0.109398 1.379289 8.164258
28.094000 104.271000 0.094469 0.702862 47.395876
27.739000 100.672000 0.068833 0.545143 11.349765
28.378000 102.762000 0.058483 0.453221 3.455366
28.493000 102.627000 0.055246 0.592006 4.778500
28.576000 102.505000 0.051100 0.568866 4.531508
28.711000 102.530000 0.055360 0.799689 7.560993
27.714000 100.862000 0.067017 0.514479 9.677322
27.565000 101.052000 0.063268 0.418229 10.794013
27.467000 101.678000 0.063795 0.796399 4.031722
27.438000 101.411000 0.050188 0.988540 38.293380
27.652000 101.859000 0.066326 0.408948 5.541706
27.336000 101.311000 0.062790 0.532358 12.983601
27.719000 101.961000 0.067864 0.447082 6.368516
27.480000 101.462000 0.065129 0.642400 5.770076
27.369000 101.107000 0.063984 0.493489 10.842242
27.600000 101.308000 0.062123 0.617955 14.207908
27.719000 101.961000 0.054484 0.970020 5.840104
28.227000 102.789000 0.065158 0.444933 5.792208
28.113000 103.174000 0.048058 0.309373 5.273091
27.914000 102.869000 0.037079 0.415558 64.216032
27.878000 102.569000 0.054976 0.503712 13.755490
27.998000 103.084000 0.054155 0.414181 8.126565
28.003000 102.843000 0.055326 0.690629 12.851735
27.864000 102.420000 0.054145 0.545746 15.141351
27.956000 102.746000 0.056213 0.565788 10.006230
