30.961000 103.918000 3.732167 0.000000 0.000000
30.910000 103.758000 3.707400 1.355020 9.764741
30.719000 103.850000 3.751219 0.185301 -57.219178
30.575000 103.519000 3.717000 0.000000 0.000000
30.395000 103.702000 3.785750 0.000000 0.000000
30.305000 104.021000 3.811077 0.739916 9.331027
30.681000 104.543000 3.863000 0.000000 0.000000
30.856000 104.191000 3.800688 2.072104 57.186069
30.269000 103.620000 3.774464 3.441945 -21.071795
30.502000 104.249000 3.803000 1.339625 -85.642355
30.721000 102.044000 3.587786 0.000000 0.000000
31.018000 102.132000 3.562333 1.678203 21.153022
31.056000 101.871000 3.594600 1.831255 16.606692
30.879000 101.875000 3.592542 1.932676 -24.320171
31.036000 101.643000 3.555265 2.825837 -50.473596
30.791000 101.752000 3.566125 1.812443 -52.142028
30.604000 101.734000 3.582423 0.000000 0.000000
28.677000 100.242000 3.414000 0.000000 0.000000
28.742000 100.263000 3.403000 0.000000 0.000000
28.849000 100.379000 3.420500 0.000000 0.000000
29.045000 100.310000 3.561333 0.000000 0.000000
29.062000 100.501000 3.530167 0.000000 0.000000
29.193000 100.106000 3.569357 0.000000 0.000000
30.547000 101.515000 3.539844 2.977756 -27.038098
30.675000 101.394000 3.529206 2.499876 -48.397789
30.875000 101.241000 3.489000 0.000000 0.000000
30.988000 101.119000 3.553118 2.049672 -55.816938
30.867000 101.113000 3.542094 1.756022 -48.876655
31.144000 100.931000 3.532824 1.876373 -49.201587
31.360000 101.155000 3.561906 1.214885 -45.539451
31.235000 101.181000 3.571676 1.204933 -65.853840
30.581000 101.064000 3.555556 3.590390 -53.072031
31.610000 100.018000 3.591250 0.000000 0.000000
31.945000 103.417000 3.630719 2.557284 -0.606407
31.640000 101.444000 3.581028 2.355030 -11.861290
31.802000 101.544000 3.563382 1.721767 -51.207478
31.660000 102.025000 3.569192 2.628921 -4.890233
31.466000 102.085000 3.582633 1.596340 26.016740
31.247000 102.002000 3.601500 1.146351 -6.696265
29.137000 101.506000 3.524964 2.425913 46.184063
29.104000 101.398000 3.493250 1.108845 12.078966
28.996000 101.512000 3.531563 2.182904 52.526085
28.863000 101.605000 3.546353 2.256376 43.475341
28.759000 101.675000 3.536794 1.872740 43.652762
28.620000 101.663000 3.546794 2.228534 26.804635
28.600000 101.836000 3.560281 1.759861 53.708920
30.422000 104.361000 3.829967 2.211216 85.593791
29.993000 101.885000 3.533938 0.000000 0.000000
30.317000 101.524000 3.535800 0.199593 40.642968
30.117000 102.173000 3.560176 1.392014 41.250019
30.060000 101.965000 3.575800 3.382895 17.360998
30.025000 101.527000 3.521964 0.078917 38.167507
29.803000 101.525000 3.528441 0.812766 15.210962
29.622000 101.367000 3.490000 2.090795 88.566960
29.503000 101.321000 3.535367 1.094164 48.814491
29.420000 101.234000 3.526100 0.972905 85.031066
29.452000 101.449000 3.537773 0.439203 16.493392
30.580000 102.061000 3.566882 1.029254 -34.745864
30.357000 102.141000 3.550844 1.687270 59.209546
30.172000 102.182000 3.564938 0.723342 15.874914
29.722000 102.069000 3.588500 2.355571 11.863081
29.615000 102.110000 3.599676 1.436967 23.026741
29.913000 102.235000 3.576824 2.780550 -1.050377
29.576000 102.176000 3.592656 0.858241 14.092721
31.297000 100.749000 3.555206 2.536891 -35.092511
31.558000 100.434000 3.487250 1.767981 -42.172452
31.636000 100.309000 3.590000 0.000000 0.000000
31.587000 100.758000 3.550875 1.861174 -46.619129
29.229000 103.261000 3.736529 0.859319 10.093300
29.813000 103.574000 3.775735 2.427879 -19.246713
28.816000 103.633000 3.724308 2.078702 28.628564
28.836000 103.539000 3.720286 1.665198 26.603669
28.856000 103.949000 3.756882 1.476709 30.370424
29.077000 103.706000 3.742812 1.291788 41.445366
28.939000 103.690000 3.661500 0.000000 0.000000
29.070000 103.881000 3.750571 0.384816 19.335546
28.975000 103.901000 3.744500 1.469648 33.746825
29.537000 103.814000 3.767281 1.261566 43.969584
29.418000 103.845000 3.775550 2.150151 64.431190
29.253000 103.080000 3.714676 0.841407 14.528411
29.418000 103.316000 3.739250 0.596798 -10.850004
29.576000 103.454000 3.748588 2.173104 0.370466
29.243000 103.919000 3.765206 1.008436 33.704045
29.517000 103.983000 3.793429 1.232085 -75.226887
29.676000 104.094000 3.800735 1.277654 -89.826466
30.479000 100.300000 3.492375 0.000000 0.000000
29.691000 100.384000 3.662056 0.000000 0.000000
29.760000 100.376000 3.523562 0.000000 0.000000
30.000000 100.270000 3.615071 0.000000 0.000000
29.988000 100.217000 3.641808 0.000000 0.000000
29.636000 100.626000 3.521917 0.000000 0.000000
31.438000 103.161000 3.623559 2.059572 -9.765472
31.483000 102.990000 3.589706 1.956374 52.693480
31.686000 102.783000 3.609500 1.613593 -8.856123
31.867000 102.483000 3.562107 2.242019 -41.488218
31.903000 102.224000 3.605313 2.897815 11.364760
31.818000 101.907000 3.589312 0.918574 -5.705387
31.862000 101.703000 3.588917 1.634961 -15.128142
29.936000 104.143000 3.806500 1.872244 -86.924621
29.984000 104.396000 3.822844 2.097584 -89.512337
29.576000 103.250000 3.731875 1.836507 0.080484
29.858000 103.189000 3.701824 1.907430 -9.090193
29.894000 103.338000 3.715912 1.905910 -2.840081
30.104000 103.860000 3.760313 2.944083 -36.107751
31.849000 103.603000 3.656500 1.431915 23.140682
31.681000 103.852000 3.678972 1.413631 -29.134348
31.767000 104.073000 3.704559 0.746487 22.920493
31.458000 104.712000 3.768094 1.452376 1.988122
31.638000 104.431000 3.728412 1.611703 -1.153490
31.770000 104.712000 3.709906 1.776006 -13.889820
31.985000 104.638000 3.662083 0.000000 0.000000
31.825000 104.452000 3.716714 1.988644 17.162705
31.522000 104.096000 3.706353 1.257800 36.622968
31.070000 104.646000 3.806618 3.021759 9.375438
31.129000 104.423000 3.793000 2.761951 12.841478
31.374000 104.022000 3.734882 2.048630 13.413858
31.906000 100.868000 3.522000 4.548594 -32.516448
30.980000 103.460000 3.648409 0.000000 0.000000
31.291000 103.461000 3.611147 0.956930 65.239002
31.479000 103.587000 3.659472 0.937929 53.165389
31.003000 103.147000 3.612536 0.000000 0.000000
31.098000 103.313000 3.644031 3.171853 12.714658
31.660000 102.322000 3.611567 0.000000 0.000000
31.288000 102.479000 3.587200 0.553186 48.598819
30.993000 102.369000 3.589353 1.119139 68.942714
30.966000 102.637000 3.559969 1.661876 58.146451
30.997000 102.833000 3.587062 1.996803 49.092612
31.313000 100.238000 3.517433 2.287339 -35.718020
31.093000 100.318000 3.521500 0.217102 45.454969
30.946000 100.310000 3.504971 0.706893 65.231339
30.824000 100.689000 3.518667 1.921121 -74.394928
30.700000 100.192000 3.486308 0.000000 0.000000
31.896000 101.111000 3.551059 1.806411 -61.391527
29.011000 102.301000 3.621294 1.154150 20.314825
29.300000 102.444000 3.629588 1.519384 24.293900
29.230000 102.352000 3.623059 1.524237 18.653506
29.242000 102.236000 3.596971 0.940679 15.105494
30.008000 103.023000 3.665647 2.075980 16.892713
30.806000 102.728000 3.585941 1.748107 20.803807
30.703000 102.739000 3.602382 3.395840 40.411030
30.372000 102.813000 3.643833 2.855415 16.216640
30.552000 102.945000 3.621618 2.673573 20.608754
30.138000 102.929000 3.658500 2.672843 10.575680
30.185000 103.234000 3.653618 3.379625 16.559590
29.582000 102.617000 3.645676 1.530024 11.074163
29.349000 102.681000 3.668382 2.022827 26.600658
29.225000 102.901000 3.685735 1.025866 38.038783
29.959000 102.408000 3.598719 1.823553 14.138908
30.040000 102.582000 3.637563 2.735638 5.416763
30.072000 102.762000 3.643265 2.769372 8.098646
29.793000 102.879000 3.666735 1.970812 -9.792273
29.774000 102.635000 3.642412 1.165906 4.770858
28.179000 104.516000 3.755735 1.874420 54.006166
28.437000 104.702000 3.805219 0.755829 56.487003
28.581000 104.916000 3.841278 1.954427 2.065051
29.035000 104.566000 3.838382 0.515236 49.870874
28.714000 104.564000 3.831778 1.190801 63.816378
28.797000 104.401000 3.815529 1.221756 55.918152
30.034000 101.012000 3.569353 1.489613 -26.313683
30.076000 101.135000 3.564125 1.343297 3.481233
30.348000 101.004000 3.565111 2.493984 -54.297495
30.088000 100.426000 3.580808 0.000000 0.000000
29.985000 100.906000 3.566875 2.444730 -13.017295
29.767000 101.092000 3.522281 1.343820 31.486421
29.478000 104.216000 3.797227 1.449712 3.240619
29.459000 104.426000 3.830529 0.777988 -66.749105
29.391000 104.615000 3.830800 0.691859 -87.925223
29.280000 104.870000 3.828412 1.113376 -70.600945
29.380000 104.781000 3.834118 0.911979 -44.876911
29.164000 104.958000 3.843618 0.799972 85.123195
29.783000 104.858000 3.849500 2.524413 -84.193514
26.201000 101.836000 3.680417 2.815522 -79.247661
26.316000 101.779000 3.683528 1.683718 -71.641062
26.503000 101.743000 3.668912 1.455568 -83.406058
26.707000 101.558000 3.666833 0.206324 -24.012280
26.887000 101.518000 3.656361 0.403120 -9.725250
27.038000 101.385000 3.608111 1.547754 46.464283
27.107000 101.301000 3.601056 3.261357 33.609608
26.693000 101.850000 3.681222 2.111723 -60.846908
26.537000 101.928000 3.698206 1.548326 -74.886716
26.856000 101.753000 3.681889 1.235485 -19.089660
27.056000 102.001000 3.690094 1.293868 -7.711043
26.841000 102.126000 3.689389 1.363643 -67.443290
27.004000 102.154000 3.693912 0.457911 34.770100
26.577000 101.271000 3.635059 1.936825 34.591350
26.468000 101.017000 3.621611 2.332761 40.323093
26.683000 100.753000 3.603333 3.608428 39.449809
27.168000 100.920000 3.560029 4.140374 44.321705
27.336000 102.900000 3.684417 2.057367 -17.345272
27.550000 102.839000 3.683750 2.306583 -13.599866
27.718000 102.797000 3.690412 1.315735 1.641544
27.336000 102.900000 3.691000 0.000000 0.000000
27.159000 102.244000 3.663778 0.682646 84.545484
27.281000 102.147000 3.670222 0.331948 72.120545
27.405000 102.151000 3.661889 1.614433 41.244073
27.434000 102.019000 3.653833 1.138573 47.316784
27.296000 102.334000 3.673971 0.454653 59.259706
28.873000 102.626000 3.671611 2.011189 11.278466
28.976000 102.778000 3.670219 2.459096 37.615397
28.830000 102.822000 3.697731 1.570539 46.011695
28.882000 102.802000 3.687706 2.191622 26.256448
26.566000 102.474000 3.686139 1.197547 86.095495
26.643000 102.579000 3.678111 0.601879 -70.210890
26.405000 102.686000 3.677806 0.977511 -37.680768
26.669000 103.002000 3.672333 0.867945 4.508038
26.795000 102.974000 3.666306 1.400518 -23.482534
26.855000 102.750000 3.678706 1.193697 -31.689758
26.692000 102.816000 3.674206 0.730798 68.297456
26.653000 102.251000 3.686500 1.684685 -75.106731
26.895000 102.279000 3.686278 0.639525 -65.170824
26.495000 102.119000 3.700875 2.260613 -73.883932
26.281000 102.007000 3.690611 1.814150 -86.104282
26.394000 102.326000 3.688528 1.174896 -77.929687
27.810000 103.188000 3.696361 2.147591 -10.742244
27.542000 103.206000 3.695750 2.317773 -16.959531
27.733000 103.252000 3.691412 1.820568 -4.122213
28.444000 103.776000 3.733147 1.592296 30.992322
28.335000 103.667000 3.721167 1.112539 29.787805
28.088000 103.442000 3.700861 1.477860 -13.024682
28.433000 103.291000 3.700917 0.911124 29.666755
28.272000 103.570000 3.691559 1.261522 41.490928
28.412000 103.324000 3.688781 0.782949 -32.119992
28.313000 103.636000 3.688467 1.302325 -80.551684
28.327000 103.135000 3.689667 1.218838 30.581441
28.274000 102.976000 3.663067 0.635747 36.128205
28.611000 103.123000 3.679382 2.412893 41.742667
28.446000 103.100000 3.686324 0.994851 21.826231
28.761000 103.244000 3.696500 1.646217 41.540189
28.124000 103.011000 3.680222 1.528854 36.789062
28.660000 103.066000 3.695000 1.631511 31.183043
27.937000 100.772000 3.502000 0.911567 64.440682
27.803000 101.202000 3.528471 3.442234 64.196599
28.390000 101.263000 3.496529 0.979630 52.721360
28.233000 101.170000 3.515893 1.928802 73.964577
28.021000 101.196000 3.497853 1.586703 56.341491
28.135000 100.926000 3.501062 1.632861 58.782971
28.051000 101.020000 3.508313 0.283566 80.497010
27.932000 101.272000 3.511706 2.740709 66.099996
28.500000 100.904000 3.493765 1.039235 58.550335
28.254000 100.855000 3.487765 0.614317 63.507616
28.500000 101.887000 3.594722 1.732428 37.033774
28.187000 101.798000 3.580833 1.692751 32.136836
28.333000 102.174000 3.628412 2.109264 35.069336
28.826000 102.287000 3.639500 1.823491 7.831117
28.627000 102.253000 3.630118 1.952465 25.967927
28.547000 102.158000 3.624750 2.139473 24.709817
26.928000 102.889000 3.676500 1.924598 -21.134335
27.155000 102.905000 3.683167 3.060922 -32.844516
27.228000 102.609000 3.702563 0.883393 -52.209931
27.049000 102.755000 3.684500 0.907583 -9.205611
27.384000 102.543000 3.676250 0.474037 -38.206977
27.484000 102.483000 3.669917 1.188265 -23.030254
27.641000 102.407000 3.667912 1.235180 -1.365574
28.699000 103.874000 3.767821 2.129264 14.363837
28.614000 104.083000 3.780964 2.054941 24.687767
28.627000 103.886000 3.738875 2.964476 11.061282
28.149000 102.189000 3.637833 2.182756 30.003886
27.743000 102.145000 3.644167 1.099793 27.553944
27.727000 102.377000 3.653611 1.091766 52.187866
27.589000 102.214000 3.653111 1.138880 45.696084
27.911000 102.228000 3.644972 1.438210 33.427701
28.364000 102.274000 3.642528 2.386505 19.774652
28.209000 102.519000 3.650382 1.899962 41.655540
28.319000 102.438000 3.639694 0.912356 26.247626
28.613000 104.406000 3.787273 0.586508 44.205708
27.772000 103.885000 3.684059 0.000000 0.000000
28.005000 104.002000 3.710767 0.903430 85.666778
26.540000 103.594000 3.658278 0.769507 31.292920
26.677000 103.531000 3.655192 0.000000 0.000000
26.428000 103.322000 3.664806 1.052440 30.006425
26.211000 103.155000 3.663676 0.214495 -6.619167
27.573000 103.759000 3.681594 5.225811 -8.282868
27.361000 103.680000 3.639912 0.000000 0.000000
28.094000 104.271000 3.755618 4.129584 47.299395
27.739000 100.672000 3.486971 0.945317 80.649710
28.378000 102.762000 3.663389 1.577772 22.103627
28.493000 102.627000 3.660194 1.769328 22.321477
28.576000 102.505000 3.638471 1.546923 37.933401
28.711000 102.530000 3.644088 1.433156 23.039996
27.714000 100.862000 3.518028 3.217356 56.834524
27.565000 101.052000 3.535000 3.914990 56.414444
27.467000 101.678000 3.593444 2.903764 50.472876
27.438000 101.411000 3.587500 0.000000 0.000000
27.652000 101.859000 3.622417 2.206878 32.667157
27.336000 101.311000 3.559875 4.195504 54.018126
27.719000 101.961000 3.638028 2.649224 22.752624
27.480000 101.462000 3.564971 4.398065 59.185106
27.369000 101.107000 3.549944 2.644678 50.599424
27.600000 101.308000 3.540639 3.687341 56.788278
27.719000 101.961000 3.643800 2.423832 84.632177
28.227000 102.789000 3.664735 0.876733 15.399274
28.113000 103.174000 3.682647 1.164454 27.268630
27.914000 102.869000 3.679192 1.602948 22.204926
27.878000 102.569000 3.656417 1.056967 34.926243
27.998000 103.084000 3.689278 1.864010 26.089733
28.003000 102.843000 3.666528 1.319917 34.628034
27.864000 102.420000 3.655278 1.613991 24.435078
27.956000 102.746000 3.689500 1.640993 6.578444
